18 28 38 48 58 68 94 15 25 354
78 88 98 19 29 39 94 43 21 17
49 59 693 79 89 35 99 54 22 12
18 28 38 48 58 68 94 43 11 23
8 88 35 98 19 29 35 55 65 54
66 85 95 14 24 34 54 23 12 11
44 54 64 74 84 94 94 15 3 19
15 25 85 84 94 15 87 35 32 79
54 84 94 15 25 36 74 84 64 23
45 55 66 85 95 41 24 34 44 54
72 82 13 23 33 31 12 56 45 36
70 80 11 21 36 94 9 50 60 53
72 82 13 23 33 32 87 13 23 31
13 34 46 10 20 30 77 87 97 89
12 22 32 34 56 76 43 21 19 12
42 52 62 72 82 13 23 33 31 17
72 82 92 112 21 31 34 12 32 43
40 50 70 80 94 13 23 33 34 54
43 53 63 70 80 90 42 46 77 58
73 83 93 82 92 112 21 31 13 23