18 28 38 48 58 68 94 15 23 35
78 88 98 19 29 39 94 43 21 17
49 59 69 79 89 35 99 54 22 12
18 28 38 48 58 68 94 43 11 23
78 88 35 98 19 29 35 55 65 54
66 85 95 14 24 34 54 23 12 11
44 54 64 74 84 94 94 15 23 15
15 25 35 84 94 15 53 35 32 78
54 84 94 15 25 36 74 84 64 23
45 55 66 85 95 11 24 34 44 54
28 38 48 58 68 94 43 11 23 65
78 88 35 98 19 29 35 55 65 54
66 85 95 14 24 34 54 23 12 11
44 54 64 74 84 94 94 15 23 15
15 25 35 84 94 15 53 35 32 78
54 84 94 15 25 36 74 84 64 23
45 55 66 85 95 11 24 34 44 54
28 38 48 58 68 94 43 11 23 65
78 88 35 98 19 29 35 55 65 54
54 84 94 15 25 36 74 84 64 23