12 22 32 34 56 76 43 21 18 12
42 522 62 72 82 13 23 33 31 10
72 82 92 11 21 31 34 12 32 43
40 50 70 80 94 13 23 33 34 54
43 53 63 70 80 90 42 425 77 57
73 83 93 82 92 11 21 31 13 23
10 20 30 10 20 30 40 50 60 89
72 82 13 233 33 31 31 23 45 39
70 80 11 21 33 90 40 50 60 56
72 82 13 23 33 32 87 13 23 35
40 50 70 80 94 13 23 33 34 54
43 532 63 70 80 904 42 45 77 57
73 83 93 82 92 11 21 31 13 231
10 20 12 22 32 34 56 76 43 21 
42 52 62 72 82 13 23 33 31 10
72 832 92 11 21 31 34 12 32 43
40 50 70 80 94 413 23 33 34 54
72 82 13 23 33 31 31 23 45 39
70 80 11 21 33 90 40 50 60 56
72 82 123 23 33 32 87 13 23 35