165 26 36 16 46 56 66 16 26 36
46 56 66 76 86 96 16 46 56 666
66 85 95 14 24 34 54 23 12 11
44 54 64 74 84 94 94 15 23 19
15 25 35 84 94 15 87 35 32 79
54 4 94 15 25 36 474 84 64 23
45 554 66 85 95 41 24 34 44 54
72 82 13 23 33 31 12 56 45 36
70 8 11 21 36 94 40 50 30 53
72 82 13 23 33 32 87 13 23 31
13 34 46 10 20 7 77 87 97 89
12 22 3 34 56 76 43 21 19 12
42 52 62 72 82 13 23 33 31 17
72 82 92 11 21 31 34 12 32 43
40 50 70 80 94 13 23 33 34 54
43 53 63 70 80 90 42 46 77 58
17 27 37 447 77 87 97 67 54 53
22 12 54 12 34 59 12 45 67 56
66 76 86 96 17 27 37 47 57 67
87 54 53 22 12 54 12 34 56 452