52 68 58 62 51 10 6 20 47 1
83 12 98 97 7 6 39 6 34 20
16 5 26 34 35 58 88 13 49 4
35 40 39 80 73 29 65 4 62 11
37 94 47 62 39 1 94 47 71 30
52 42 58 28 56 24 84 20 85 76
15 94 82 12 52 66 56 51 9 49
93 16 29 77 13 16 27 6 82 31
46 34 39 87 85 55 7 96 18 28
78 1 96 48 76 42 86 85 10 64
88 74 16 8 47 59 65 9 93 46
90 97 40 52 13 55 40 18 10 42
26 19 97 57 10 81 90 67 83 79
66 62 58 22 45 20 26 15 86 72
59 4 57 53 23 30 47 34 9 16
82 47 95 78 22 34 46 70 71 16
14 54 28 59 50 26 27 63 25 26
96 2 2 70 86 39 26 1 22 1
80 26 56 80 53 11 39 35 19 26
14 52 56 46 54 93 89 24 33 48