18 27 33 10 35 34 10 20 30 30
48 65 64 15 20 30 77 87 97 55
70 89 90 10 29 30 71 81 91 23
41 51 61 80 26 34 57 67 16 34
71 81 91 99 20 30 71 81 91 10
47 57 67 16 20 33 71 81 91 45
77 87 97 15 20 12 57 67 10 39
67 54 53 90 20 30 90 10 20 30
22 12 54 13 20 34 77 87 97 55
19 34 56 10 20 30 77 87 97 89
18 27 33 10 35 34 10 20 30 30
48 65 64 15 20 30 77 87 97 55
70 89 90 10 29 30 71 81 91 23
41 51 61 80 26 34 57 67 16 34
71 81 91 99 20 30 71 81 91 10
47 57 67 16 77 87 97 89 12 34
41 51 61 80 26 34 57 67 16 34
71 81 91 99 20 30 71 81 91 10
47 57 67 16 20 33 71 81 91 45
77 87 97 15 20 12 57 67 10 39