12 22 32 34 56 76 43 21 19 12
42 52 62 72 82 13 23 33 31 17
72 82 92 11 21 31 34 12 32 43
40 50 70 80 94 13 23 33 34 54
43 53 63 70 80 90 42 46 77 58
73 83 93 82 92 11 21 31 13 23
10 20 30 10 20 30 40 50 90 89
72 82 13 23 33 31 12 56 45 36
70 80 11 21 36 94 40 50 60 53
72 82 13 23 33 32 87 13 23 31
22 12 543 13 20 34 77 87 97 55
13 34 46 10 20 30 77 87 97 89
12 22 32 34 56 76 43 21 19 12
42 52 62 72 82 13 23 33 31 17
72 82 92 11 21 31 34 12 32 43
40 50 70 80 94 13 23 33 34 54
43 53 63 70 80 90 42 46 77 58
73 83 93 82 92 11 21 31 13 23
10 20 30 10 20 30 40 50 90 89
72 82 13 23 33 31 12 56 45 36