14 74 34 44 24 64 54 80 25 36
45 55 65 66 85 95 86 24 34 44
54 64 49 84 94 15 78 12 24 64
84 94 15 25 36 45 55 65 66 85
95 14 24 78 54 64 74 84 95 25
34 24 14 74 34 44 14 74 34 24
64 54 84 94 15 25 36 45 55 65
66 85 95 19 24 54 64 74 94 15
23 35 64 54 84 94 15 25 36 45
55 66 85 95 17 24 34 44 54 64
40 50 70 80 94 13 23 33 34 54
43 53 63 70 80 90 42 46 77 58
73 83 93 82 92 11 21 31 13 23
10 20 30 10 20 30 40 50 90 89
72 82 13 23 33 31 12 56 45 36
70 80 11 21 36 94 40 50 60 53
72 82 13 23 33 32 87 13 23 31
22 12 54 13 20 34 77 87 97 55
13 34 46 10 20 30 77 87 97 89
12 22 32 34 56 76 43 21 19 12