16 26 36 16 46 56 66 16 26 36
46 56 66 76 86 96 16 46 56 66
86 17 27 37 47 57 67 77 87 97
67 54 53 22 12 56 18 34 46 12
45 37 47 57 67 77 87 97 54 54
22 12 43 75 34 23 12 45 67 96
17 27 37 47 77 87 97 67 54 53
22 12 99 23 34 96 12 45 67 56
66 76 86 96 17 27 37 47 57 67
87 54 53 22 12 57 13 34 96 45
70 89 90 10 29 30 71 81 91 23
41 51 61 80 26 34 57 67 16 34
71 81 91 99 20 30 71 81 91 10
47 57 67 16 20 33 71 81 91 45
77 87 97 15 20 12 57 67 10 39
67 54 53 90 20 30 90 10 20 30
22 12 54 13 20 34 77 87 97 55
19 34 56 10 20 30 77 87 97 89
73 83 93 82 92 11 21 31 13 23
10 20 30 10 20 30 40 50 90 89